image: maze_bounds_map.pgm
resolution: 0.03030303
origin: [0.000000, 0.000000, 0.000000]
negate: 0
occupied_thresh: 0.65
free_thresh: 0.196

