# oST version 5.0 parameters


[image]

width
640

height
480

[narrow_stereo]

camera matrix
593.496078 0.000000 294.408866
0.000000 593.154371 242.711565
0.000000 0.000000 1.000000

distortion
-0.006367 0.020218 0.007088 -0.003446 0.000000

rectification
1.000000 0.000000 0.000000
0.000000 1.000000 0.000000
0.000000 0.000000 1.000000

projection
597.000732 0.000000 292.528336 0.000000
0.000000 595.406189 245.725020 0.000000
0.000000 0.000000 1.000000 0.000000

